865.2 
0.0 
-825.2926883624039 
-1184.2012198209543 
101.82577931560834 
-333.6300118141219 
529.9660472567434 
-477.7041941085897 
157.75437327912107 
11.324957545472298 
-61.168461663621635 
-80.33488697149457 
-234.63047768904272 
-2.0232307945800807 
70.40762408950096 
-25.66257132489946 
-231.1147599417591 
181.23090700953665 
-212.93115528000766 
40.7054544384136 
-61.21557770653851 
-462.7719342651208 
95.43201500835994 
-218.706329085268 
-55.654782570900444 
-83.9170661449312 
-251.70427781933677 
-111.84146056006671 
-40.004853085291586 
-71.49920658020068 
-28.32632593098929 
-107.43775836552364 
-158.2603932395915 
47.729976951571615 
-145.38334716166344 
-87.09446721746075 
-198.00240441159184 
-9.382092365353573 
-80.12814680385803 
39.22405026695082 
-151.9363679510033 
-82.16704233413586 
32.64252452906273 
-6.913453128498878 
61.07142780828582 
174.25247914579677 
162.06193266675365 
-138.87239859514182 
-176.03431668862996 
71.06406301089156 
228.28722171589993 
15.047844507162097 
-122.65374512001378 
58.394445527791575 
-262.1187574277014 
-104.014820138343 
49.587832556549955 
-123.29568354817692 
-99.54488590122558 
-175.92572662647024 
58.782871253150404 
117.04981398878704 
-58.69064081825158 
18.13831999142519 
-53.372410307370956 
10.405498246883846 
-39.89654637802546 
-59.91763456071847 
-104.55326840755328 
116.96507772000602 
9.058284560996523 
15.061769964193076 
-89.04000638083065 
-77.33223779043011 
76.38166172711922 
-5.92286960765244 
44.601547733918615 
-57.80326484985036 
38.044736480819275 
-12.590883640135258 
17.49618400557469 
-21.718166248773162 
22.593595920448557 
-17.72401308765853 
22.51053568427669 
-16.453516470107086 
20.94415221593531 
-17.41894773343279 
20.239699560127463 
-17.229218995585967 
19.800811820640195 
-16.834750482497665 
19.47225180776599 
-16.43643440613876 
19.20763501777041 
-16.047430913193892 
19.008918403485296 
-15.61510760183944 
18.840724018358397 
-15.258939557237165 
18.730000000000018 
-14.909999999999997 
18.73128232336956 
-14.57110112244248 
18.827131029133113 
-14.223046308103847 
18.981543084907248 
-13.58870129192357 
19.63164169442535 
-14.191172414493849 
19.410074480853293 
-13.80042847971188 
23.011247684940386 
-10.458109028928071 
19.026114099229027 
-11.184611631578388 
10.819713518319787 
-19.085012416504295 
12.40696547674218 
-27.124851006185818 
44.63636795100329 
-38.973419198991635 
17.527366005613054 
4.153428118059823 
0.5272482131177085 
-11.311025694259847 
45.4422047858872 
4.615793094859751 
45.03209497972517 
-50.23995525208899 
12.223002725479208 
19.27697205449217 
13.440929646971902 
1.9468149397117003 
5.338445164913143 
24.18526261101732 
13.320689730559053 
-23.105811993177973 
5.65973778518233 
5.264272845343981 
8.976517754556735 
9.7133656060413 
28.747118455128444 
2.70242506326656 
31.898484998403678 
-11.936920936381142 
21.73090449981777 
-16.784884393316958 
9.951764683871858 
-16.34358606779769 
4.5727782841000675 
-0.5521554928378691 
20.688801231289716 
-4.873668717617406 
16.204843602001617 
0.004619987980134965 
12.05764777773506 
-2.231771877330047 
21.918133829923335 
-5.117546450466639 
10.653815994425344 
-0.607869057158716 
14.71186164765625 
1.697223726407934 
14.746260762935506 
0.3106217952622803 
15.151344201709207 
-3.2872840789105737 
16.5432849291321 
-3.9283465647361844 
19.286655706187695 
-4.509514131181575 
11.782000654641415 
2.0838093023709234 
15.005941007228728 
-1.4868614975630194 
13.908103736083355 
-0.5746646460086353 
13.827614623352211 
-0.818286156688302 
15.226188698831368 
-0.8548861400508372 
14.390657597211202 
-0.9684197190787103 
14.407976635818585 
-0.5932984801198415 
14.461930765402577 
-1.0447355911559626 
14.43938991849825 
-0.9426431370236861 
14.65595830045411 
-0.6257626496393129 
14.548030374713719 
-0.5744735107449266 
14.5519442004977 
-0.4339253563784098 
14.466609493120814 
-0.2752021545965704 
14.551843865828971 
-0.12214108542207214 
14.5 
0.0 
14.551843865828971 
0.12214108542207214 
14.466609493120814 
0.2752021545965704 
14.5519442004977 
0.4339253563784098 
14.548030374713719 
0.5744735107449266 
14.65595830045411 
0.6257626496393129 
14.43938991849825 
0.9426431370236861 
14.461930765402577 
1.0447355911559626 
14.407976635818585 
0.5932984801198415 
14.390657597211202 
0.9684197190787103 
15.226188698831368 
0.8548861400508372 
13.827614623352211 
0.818286156688302 
13.908103736083355 
0.5746646460086353 
15.005941007228728 
1.4868614975630194 
11.782000654641415 
-2.0838093023709234 
19.286655706187695 
4.509514131181575 
16.5432849291321 
3.9283465647361844 
15.151344201709207 
3.2872840789105737 
14.746260762935506 
-0.3106217952622803 
14.71186164765625 
-1.697223726407934 
10.653815994425344 
0.607869057158716 
21.918133829923335 
5.117546450466639 
12.05764777773506 
2.231771877330047 
16.204843602001617 
-0.004619987980134965 
20.688801231289716 
4.873668717617406 
4.5727782841000675 
0.5521554928378691 
9.951764683871858 
16.34358606779769 
21.73090449981777 
16.784884393316958 
31.898484998403678 
11.936920936381142 
28.747118455128444 
-2.70242506326656 
8.976517754556735 
-9.7133656060413 
5.65973778518233 
-5.264272845343981 
13.320689730559053 
23.105811993177973 
5.338445164913143 
-24.18526261101732 
13.440929646971902 
-1.9468149397117003 
12.223002725479208 
-19.27697205449217 
45.03209497972517 
50.23995525208899 
45.4422047858872 
-4.615793094859751 
0.5272482131177085 
11.311025694259847 
17.527366005613054 
-4.153428118059823 
44.63636795100329 
38.973419198991635 
12.40696547674218 
27.124851006185818 
10.819713518319787 
19.085012416504295 
19.026114099229027 
11.184611631578388 
23.011247684940386 
10.458109028928071 
19.410074480853293 
13.80042847971188 
19.63164169442535 
14.191172414493849 
18.981543084907248 
13.58870129192357 
18.827131029133113 
14.223046308103847 
18.73128232336956 
14.57110112244248 
18.730000000000018 
14.909999999999997 
18.840724018358397 
15.258939557237165 
19.008918403485296 
15.61510760183944 
19.20763501777041 
16.047430913193892 
19.47225180776599 
16.43643440613876 
19.800811820640195 
16.834750482497665 
20.239699560127463 
17.229218995585967 
20.94415221593531 
17.41894773343279 
22.51053568427669 
16.453516470107086 
22.593595920448557 
17.72401308765853 
17.49618400557469 
21.718166248773162 
38.044736480819275 
12.590883640135258 
44.601547733918615 
57.80326484985036 
76.38166172711922 
5.92286960765244 
-89.04000638083065 
77.33223779043011 
9.058284560996523 
-15.061769964193076 
-104.55326840755328 
-116.96507772000602 
-39.89654637802546 
59.91763456071847 
-53.372410307370956 
-10.405498246883846 
-58.69064081825158 
-18.13831999142519 
58.782871253150404 
-117.04981398878704 
-99.54488590122558 
175.92572662647024 
49.587832556549955 
123.29568354817692 
-262.1187574277014 
104.014820138343 
-122.65374512001378 
-58.394445527791575 
228.28722171589993 
-15.047844507162097 
-176.03431668862996 
-71.06406301089156 
162.06193266675365 
138.87239859514182 
61.07142780828582 
-174.25247914579677 
32.64252452906273 
6.913453128498878 
-151.9363679510033 
82.16704233413586 
-80.12814680385803 
-39.22405026695082 
-198.00240441159184 
9.382092365353573 
-145.38334716166344 
87.09446721746075 
-158.2603932395915 
-47.729976951571615 
-28.32632593098929 
107.43775836552364 
-40.004853085291586 
71.49920658020068 
-251.70427781933677 
111.84146056006671 
-55.654782570900444 
83.9170661449312 
95.43201500835994 
218.706329085268 
-61.21557770653851 
462.7719342651208 
-212.93115528000766 
-40.7054544384136 
-231.1147599417591 
-181.23090700953665 
70.40762408950096 
25.66257132489946 
-234.63047768904272 
2.0232307945800807 
-61.168461663621635 
80.33488697149457 
157.75437327912107 
-11.324957545472298 
529.9660472567434 
477.7041941085897 
101.82577931560834 
333.6300118141219 
-825.2926883624039 
1184.2012198209543 
