1730.4 
2545.458937855789 
-1687.5829967446193 
-307.10155465741923 
182.59192503595483 
149.45058153437512 
1013.7495392096243 
-697.5412338966429 
316.3083620538822 
-104.70567161986594 
-134.56580459487373 
-184.15251816426024 
-467.55916432278894 
1.3106829140418106 
134.33272945233378 
-200.00808121904532 
-413.1561908633774 
419.8673744480516 
-410.14286503034776 
870.3094263737391 
-265.7107846718815 
-135.53332296554413 
112.8179712268706 
-287.7472172251395 
-140.78694706377416 
-142.28105118958604 
-538.3091953349414 
-99.65630023592355 
-109.27695073103826 
-91.43660525810404 
-105.24902776835444 
-324.0798979684 
-282.8367787659928 
34.98811002596364 
-326.42493744957693 
-167.14299954382847 
-385.5159580625528 
-53.391286310618575 
-130.10494101288032 
101.72474710108915 
-339.7821705215869 
-27.911852201900654 
57.286453287796 
-148.88983725980586 
232.9737086816514 
375.3378766203315 
205.02393627839606 
-319.46490550741765 
-275.02428391730734 
202.63094969603333 
433.33690492576613 
-148.84900275831248 
-178.74962215041333 
177.28540444390282 
-563.398972763749 
256.61221059156236 
-15.256672847705072 
-26.279511834242058 
-333.5813413871854 
-287.48007104774285 
211.0308506885446 
-17.25640307532377 
-86.76262091692975 
23.51956979654764 
-83.51542534219168 
81.03068428620975 
-128.68421787254184 
-160.4498755526349 
-60.90664684612141 
257.6041232420103 
31.18642085045383 
183.2802821711122 
-233.2312979960255 
165.65038846802298 
121.17712916487713 
123.15767980814891 
8.797638711237006 
12.578101061891978 
47.77293236069634 
32.58935763330972 
2.7781847387121643 
37.264951184601394 
14.851792211736676 
35.017412313094134 
15.40467260053799 
33.69669929478824 
10.908768187628002 
31.00700452713498 
9.225278056922392 
28.797668046577435 
8.246719174309435 
26.95147785386932 
7.473485070487036 
25.336006902278022 
6.812884611759983 
23.9026904980003 
6.335256879500088 
22.741283635561697 
5.822256172343385 
21.729465856221466 
5.402295808265134 
20.90984063894777 
5.142896324047286 
20.18114904394003 
5.039807027927279 
19.46578446805518 
5.448380011969592 
20.040882286230683 
4.675364138319477 
17.721973223867963 
4.223813691448386 
17.49489893301037 
13.219619614495741 
13.612014603902109 
6.334254215188916 
17.15642064569015 
-16.89727897654095 
30.247150624095106 
-28.48386841247786 
46.824688070170126 
-10.587119326765968 
-54.53728054187559 
26.95290709769629 
-7.096002122476349 
-18.117544340494106 
44.42444103303959 
57.61344234966509 
27.86711491288569 
-36.57918814226902 
-95.78739684696306 
45.64564400274689 
-19.048632745055478 
17.035390587809363 
-27.90960759866005 
47.3061204436013 
32.42064078021859 
-27.660972356387383 
-16.14381666998256 
14.60148691741622 
13.121544829895234 
25.459851816243717 
44.18436795373392 
30.14767131427766 
25.973560942967293 
5.561730716467502 
-7.224168329382772 
-12.710438813729755 
-21.350416562475875 
-22.09415872338446 
-17.70988497846807 
2.479602661214691 
18.125534665823746 
6.169266250401858 
-4.59284848314574 
11.464652601726714 
-2.349040343816545 
3.969102582414989 
11.372978441752968 
4.516059104007852 
-13.722926672159254 
5.428184738712139 
2.954236664726827 
11.896150331800388 
3.2997927515944303 
8.8247274976366 
5.006066870066925 
1.6545143213775677 
4.7994972104342875 
0.6184346573618712 
3.083742031675163 
0.23492892425065567 
-11.1044031514333 
9.207576479614675 
2.9227262156229306 
3.174090992972747 
-0.9001197486108058 
4.083266012486289 
0.7279882633071063 
3.142536033572598 
2.5954068418691234 
3.0750792212773814 
0.033365851159244356 
2.137805902703762 
0.6040608900670642 
2.434356312983355 
0.8381889393925391 
1.097087246408875 
0.6896080906086806 
0.8408139543266351 
0.8258784767155687 
1.0521192061009188 
0.3543426474287095 
0.6802769337180925 
0.2997731603073274 
0.5040935944690752 
0.12032886888993466 
0.3586816530395858 
0.22414759024767678 
0.21288882378610757 
-6.499202129954343E-5 
