2660.48 
-539.9167303001205 
73.99369393032197 
351.9975961865458 
-83.64720114095842 
-99.97101119959501 
-294.3177170499835 
31.351177879044386 
-229.01345875517256 
218.32179845806928 
84.51682888940715 
-147.05890710304442 
-126.04539506519903 
-376.6779412277685 
-36.814486230612225 
-220.38570827007158 
-180.9494383320569 
-203.0339228194539 
-248.80036717557013 
-72.80581914512086 
-85.14793360435 
-112.25074380204461 
253.8557591998823 
93.51868376434764 
-194.76806595761116 
279.9268672965629 
-152.54878452077853 
-107.09905802082945 
42.979826612758345 
-258.6671007816207 
6.545316714280663 
-19.73381982449209 
-13.317858697627491 
-84.5627457629746 
-43.69431468992454 
187.08591220214325 
-76.61591580176457 
174.67297340851738 
5.950659809933747 
53.454250622713424 
1.5639512162873779 
42.81737595900974 
8.630535576092301 
36.95413417963097 
5.136010038955226 
31.63045237703424 
3.908476514561666 
27.99236192879112 
3.029596243685077 
25.384549435693742 
2.319310242291696 
23.6310713471191 
1.7640902206734568 
23.15272629448606 
1.3602802858457599 
21.492147447271932 
3.5813837427343707 
21.674737146880567 
-10.129506876957782 
22.084072923294393 
-17.216326638083963 
-2.4282885360150983 
-4.271540912560564 
63.71893428793071 
-47.310634000123684 
-6.784484068599715 
-2.5181260400390686 
24.67733613982311 
-4.599875217614644 
-2.0968868457025094 
32.980390580314 
33.2268189648651 
7.940863977782873 
-15.156710592105291 
-22.65008968959546 
1.5190014919380124 
10.61378728849327 
-1.5433610092050833 
8.813006637506433 
-0.19291978249713823 
-0.8260487837125294 
8.629346005889637 
6.154927559104064 
3.237700027392369 
3.250127006853034 
-2.5974644177705835 
1.4825805562810845 
3.904800981671555 
0.3606748671465147 
3.69627633122234 
1.4639333175968414 
1.6219461498718217 
1.2378621593281556 
1.24925899396954 
0.5349164712019836 
1.0647068007272165 
0.2997326610028867 
0.4937956110557008 
0.17427369542014076 
0.21354053571814743 
