1123.58 
3181.4335198334466 
-124.84328481498078 
-2105.727457506261 
552.0345871500575 
-226.2303056029475 
235.81418170751743 
808.1131543527508 
444.094109163475 
-738.7903743723499 
230.79982960861014 
303.77325046638185 
-603.6414297363682 
312.5608639165451 
-572.0959796119961 
-280.7125433167991 
-185.0812279254946 
174.32679200903806 
33.38871892020649 
-225.5286214369099 
-614.6300839956126 
662.0136979203367 
-419.04808580292945 
149.0632542357149 
834.9459481226752 
-277.01577954551004 
-296.776585281486 
173.28752462396253 
-49.254675191012176 
-359.4611908570362 
-56.72777676905702 
-177.79011087944167 
-338.82666507628215 
-524.467863454396 
32.59597881884905 
-126.47982836899848 
-169.73128816559125 
58.94440343663876 
-357.5690060293586 
-157.85554709110525 
-487.6782317901325 
204.79971349824032 
-302.14738018354 
-260.64356841505935 
-157.20268663185487 
-438.5108559054803 
-82.52174632946009 
-62.886336247061934 
-133.37271625573476 
201.89508571275442 
-482.0313256728991 
-41.87101488470396 
102.1015330366677 
-105.90523474247878 
-41.83078612552782 
156.401991527545 
445.61975969205065 
274.4700124348077 
19.62329882115374 
-368.92776242511366 
-305.6641288931493 
138.63047771206226 
409.6900395371872 
253.1746335949889 
-195.88846078285624 
-290.96171735731787 
359.6641149639676 
-444.46507012718575 
-339.26278132965143 
403.369102837858 
-115.49672838484406 
16.54273149953824 
-148.2771653206372 
-514.6576705258547 
-36.15597834968563 
40.20839366062153 
232.27796881946546 
-270.469029433668 
61.01021321300295 
26.12457807536419 
-205.48291103852094 
249.22138229744525 
-214.58649080359092 
-30.16792796227555 
-207.8658685171812 
-123.86149204059751 
403.78810752340166 
-116.58286696185897 
332.7871306883227 
-82.50531096215128 
-67.31182215790851 
-55.76345004119506 
300.81200455970765 
19.754785728843085 
166.24615656974626 
-21.599247099350684 
23.275490861755916 
11.636274335655404 
90.85079420691918 
-31.85841472946741 
63.03392576075893 
-22.841603507501382 
70.45397051482566 
-13.726339983685234 
58.03069260336615 
-3.8341481328017593 
51.75878265548116 
-5.0891858786712785 
47.12081470086078 
-4.531560864742779 
43.18988720232317 
-3.67380711573058 
39.833729951092806 
-2.7296420838479043 
36.841789568037335 
-1.9049845118959814 
34.2443647330427 
-1.2418776715033528 
31.952125849513177 
-0.6549482067318662 
29.958197802249327 
0.058412502160911345 
27.912847379230513 
0.7528731596002903 
26.162484917943388 
1.2869343417595118 
24.687749264844342 
1.9240571745451756 
23.204469586371523 
2.663126986614323 
21.873179156725193 
3.3163129733490155 
20.71878794956715 
4.93347910169917 
20.555794787525134 
4.099580662382136 
18.01980268829896 
4.86523197007619 
14.82919972982774 
10.643141697503196 
17.100250805183116 
18.824972753704486 
-7.952735524324117 
35.672334884776404 
-11.710833491450138 
-2.5090227529290283 
25.882229374922073 
-21.931953219192845 
21.898907980946902 
3.6968880876342656 
52.04117187407989 
-127.07233437158936 
52.40493795234428 
-3.821690772145093 
-12.271656144830803 
-3.4733056372963795 
8.884451507301149 
79.92610976239487 
48.55432513555213 
-12.049906357058049 
29.8965142656965 
-195.204911004407 
93.37126351516015 
-47.63626890574443 
36.77884400939522 
-15.533310447986022 
-11.34151455846131 
12.286848966823538 
50.252214814218085 
29.554872626758115 
-34.84533596150249 
-26.792257148705687 
23.296797732684126 
-14.0003079129588 
52.73740244472134 
-18.70287346906677 
86.65869271353695 
-1.46669928315811 
58.20487723055416 
0.7195440866928106 
22.09389842711896 
-17.85472427094263 
-1.8547491113450745 
-21.268684886916848 
-20.38239532799124 
-21.34706489386579 
-21.890409326474117 
-4.7055711959898545 
10.353256480107438 
16.05718023368598 
11.75006972511408 
-14.404479359893594 
16.8336065655302 
-1.3925598577185159 
3.7902747328827804 
-0.9255205021771592 
13.370573028407668 
8.878029205892199 
-3.1933486098295125 
-16.16292507572963 
12.343925760758918 
-5.256129888612844 
17.963870291901998 
0.4995178703636938 
11.536633523008081 
1.0422869138478879 
13.713077359788132 
-4.791339959229494 
9.180455738890378 
-1.827082156586146 
7.949775443674482 
-6.767556011090395 
13.689695870011569 
-15.667271044601812 
-1.592502066536843 
4.7660472745712825 
7.548669645549827 
0.9077526936496907 
2.4955556140884845 
-1.1007296242429256 
4.974357349936811 
-0.029457719356990715 
3.8240919644112648 
0.64947547854016 
5.687300504265955 
0.06546774721204125 
2.9984839887149515 
-0.8961822416543636 
3.3809478373464072 
-0.49218026669212506 
3.3840798254043247 
0.3259164152917136 
1.8003289783367002 
-0.1843463456672461 
2.129774255766891 
-0.7328704000418006 
2.2762560125654328 
-0.18889054640292693 
1.752277696666563 
-0.4139765623360994 
1.3307244541843886 
-0.252112073065811 
1.0381734506622144 
-0.2311539517028273 
0.6903778349553936 
-0.13068082620102367 
0.6331414488242463 
-0.03145798390640079 
0.28268202274715537 
-0.08587248006523994 
