3746.8999999999996 
1058.8847974044454 
1684.001464143064 
3488.040429975455 
1132.0715249530213 
-4032.0444588936402 
-1680.163084571986 
-394.48796361306063 
1370.294614689987 
-874.85860011756 
120.38458279854527 
78.21501751054873 
162.52557266891657 
738.3609942049335 
-107.71991380129225 
2233.049004591736 
-542.3926589164123 
-63.20904496079841 
-338.58785813312664 
-1255.6780386403102 
832.6291024899814 
949.9053281087408 
-813.8059715603871 
372.38752777044203 
-233.32783118726982 
-972.5774898169004 
619.8119288556511 
253.935310680137 
-689.4610971055848 
-706.7787675727545 
-484.016822559334 
176.75474569617373 
168.16724188901108 
-1072.2567408593745 
866.6594278947475 
343.3405901026612 
-344.3322636578167 
-212.82384558113404 
349.27232420738596 
-1005.7611018840626 
-498.52319516626653 
-10.922530193539819 
800.6748487618376 
129.40603029411267 
-101.66075288730214 
-722.072832486421 
-122.88831568051253 
1341.011322994753 
611.5612476533805 
217.80235235205419 
-344.96496659582135 
-268.72610924237233 
-249.8405288876707 
-232.18676053645257 
121.52422406394007 
496.7075228703043 
-303.1900571609618 
-122.14349365736432 
-786.2445506059357 
385.4669274635484 
-330.4635969686926 
-222.26838397714792 
3.5929473637645177 
-304.44935499408484 
-101.47133227148268 
-1079.7293228506983 
98.85731485652356 
-522.6298233126815 
-214.54083918586417 
613.1067286291305 
-619.8886438983662 
-28.962143237723414 
-232.98932614067326 
126.25877121283347 
-97.20776601323854 
-89.54538437393396 
-274.380382803647 
-457.3018752141397 
48.355053549318356 
-542.6824757144656 
-238.20561340757988 
-435.0347354220189 
263.97499051148446 
291.9040440014717 
-554.7945371388903 
-244.9567175218527 
-403.13652873523563 
-167.97165611022587 
194.26623948074143 
-578.7229652815429 
-687.084364294945 
73.18588131985716 
-48.214628325613084 
-274.9490198245954 
-110.70782491821605 
295.62384206321633 
-533.2616296284422 
110.19814007059162 
349.62482193637686 
-137.1589615232077 
-434.293974227812 
-617.9917106331259 
49.68639085127564 
379.8355155084897 
-178.8061221571353 
142.0612479219851 
-333.6377834805501 
169.3875063198263 
-45.66821342745469 
-245.6507054542763 
352.4168570035585 
371.55131552889816 
408.2225354580065 
315.9012136673469 
275.0775091130314 
397.81301400936354 
-325.0350222394326 
93.29719930524892 
-579.3751487863805 
-230.03973167179657 
-436.9792283057557 
-32.10979115397881 
94.8637742127394 
364.5230149353106 
383.1768654251152 
448.4828006139911 
108.41302029017135 
166.27230299279083 
-209.86544979061154 
-326.73978435900284 
-440.24393350768355 
55.580173309849826 
787.6448795103087 
-417.03100039661234 
-253.54875152667358 
-505.52491477070487 
-614.3477302453712 
411.15672064074084 
317.53128966733607 
13.917355015672051 
293.75278072094727 
-496.85197836821084 
81.44327881440987 
47.468746381993824 
139.3155327383143 
-803.3291046475896 
-536.2188722587315 
135.16503931610393 
-519.5145999432094 
405.60140999284147 
-266.1722661796035 
347.5568365759483 
183.10827598340794 
165.36198121935914 
-614.0664388747566 
-25.2467979248786 
217.2727419838182 
-36.663211423661885 
42.11236331241079 
-191.60418192467392 
3.454580472758079 
-152.96117360611936 
35.70879086214399 
665.2361599689859 
-663.7354982976498 
-121.59735657319673 
-86.24193554154729 
116.07017528750589 
-101.04477587529553 
-697.2109044970495 
139.91061479464682 
174.08997131670486 
609.9933244579622 
-144.40046971671444 
-105.60326487829217 
235.2827316172291 
330.46655110308427 
100.47408641025733 
-155.07787308425662 
37.811277524637326 
-11.857956847191819 
-376.9829495750255 
107.81413286818342 
275.06920646984736 
139.18936621237452 
183.57990310838608 
66.34518057375482 
102.93416276361305 
121.25560858109671 
61.689989257304546 
25.805661376716138 
7.80239594471694 
-14.78569004157492 
-40.89990065392468 
92.13099885569193 
74.46889848487535 
53.402460807743154 
-20.22717250147687 
40.02022737509575 
22.994157807540635 
6.9783930700360095 
24.822745658095727 
8.245993957650912 
36.005441209615945 
30.467973399180018 
23.610695531947584 
27.99659181713662 
15.806907041156919 
29.515953318642552 
22.185687273076788 
33.91091558296564 
18.984895339559678 
25.98735463866086 
18.9929475516975 
27.21235453809167 
16.72867193528933 
25.580076938460365 
16.034302398608435 
25.22380632212346 
14.771669935247811 
24.716709426291395 
14.149388843160018 
23.685355461995947 
14.000048333184726 
22.72554711083782 
13.760942328045845 
22.139975847675196 
13.157204674363456 
21.48687594240753 
12.874307469646892 
20.8906985179771 
12.702183839832996 
20.084010459430083 
12.306858658611871 
19.719089143073035 
12.026899430315456 
19.119126079048762 
11.780859052032518 
18.46211908026726 
11.683795707101915 
18.14963538046666 
11.484603536375506 
17.670894386775647 
11.155156758003749 
17.10594295517749 
11.139678220176641 
16.738064000216504 
11.158921548458252 
16.01720460602599 
10.936439200386033 
15.796765491707413 
10.968900115083741 
15.330394042044006 
10.92599832590615 
15.045794758868011 
10.71680942813067 
14.659922156190689 
10.91494855492945 
14.386731231125736 
10.766652721533518 
14.00376647504331 
10.791243176843857 
14.145075316406533 
10.3138652737086 
13.24262883040782 
12.522820916063141 
13.005021495822689 
12.654741136643143 
12.945234532287044 
12.985931078212426 
12.091331772342432 
7.320622279006319 
14.150155740156858 
11.415352585921248 
14.071138715736444 
1.7586643058799512 
11.690146303922308 
21.81226064314391 
5.135791187312501 
14.019003413167127 
16.135361073327964 
24.490874217612586 
14.140194650416312 
4.893821984847488 
-0.6067445440851278 
-4.581598468772681 
48.00122268942583 
10.009472230128074 
21.331890199477 
-55.58066590352884 
-17.301416787432053 
66.3160923083203 
20.635384568774132 
-21.996791558268516 
-43.40591701347647 
45.4141612570335 
21.370958330446022 
-20.695551003282038 
-16.306191132456807 
107.60760760676894 
21.92656948573288 
-47.378176832936234 
-148.2793914339296 
-11.536769753493823 
-2.1328489910048334 
105.03543255711895 
-12.874490581247752 
-71.6351130364702 
41.54309197242403 
-20.878314475563954 
7.536572993665964 
-71.81772458781687 
132.82799220805703 
-41.34056620788492 
48.024647551194796 
165.4474950306952 
51.73041492194484 
-78.52036937733796 
10.930990423388709 
71.1288500233829 
43.13421981542762 
-173.04554590265576 
-145.3823532819371 
-104.0040356881633 
134.02099271030173 
40.926711167358 
-28.201841810305304 
-98.22520618058897 
102.0731838932731 
32.681639020217986 
-46.74892241406771 
-45.307117856076715 
52.47089945712892 
-33.821305830934406 
-18.312447509190797 
73.60166961090887 
64.82228549380305 
4.728652990498674 
25.583385745432643 
53.6598027288009 
-60.922963573723315 
-88.07943484484765 
24.793279285466127 
-17.58224154553694 
63.20670119245852 
-52.32331118641176 
-14.916576527318867 
74.02217241229125 
39.77896507327258 
-37.873701308267506 
28.98318675640897 
40.185167564496794 
46.04839794022248 
80.77161189378762 
-3.20812633665996 
11.547019354562373 
47.80007734737166 
68.71650337216231 
-31.18122397573205 
34.948140844840665 
-10.676578939767102 
29.389681472806245 
-19.654290637821845 
-13.230277112013034 
-26.901278362328245 
24.08694199514015 
-27.2785432767998 
-38.50821521031394 
-15.185539818769158 
-7.624687094336778 
-39.79596561200828 
-2.3694458315626408 
-38.58031626532844 
-17.748647613027703 
20.467162840327536 
-28.545997152510218 
39.534652713668294 
-7.637575897919798 
23.641464659998697 
20.988747446134397 
14.925923189597198 
-22.472475145272032 
4.861582386808106 
-10.012088167376218 
17.14172034348818 
17.31031683503543 
-6.408385049668785 
-4.219422698291672 
14.623123563800316 
-9.186304250821383 
2.9475747856939694 
4.641724206388192 
17.52960421668829 
11.906727419303579 
-2.4199209752827757 
21.087977845497576 
-9.155349535485522 
-10.896954980876046 
-37.773827295513584 
23.925542578350935 
22.828393070036125 
-37.36379189872068 
21.21491492082364 
16.022011381272677 
-3.3234735704210188 
16.20602859076734 
3.2874943311788547 
11.661998064191213 
2.5065279795979 
0.2488948588711131 
17.23129378592678 
-1.2692539033114423 
16.314193694670834 
-2.9955476152623115 
7.1733679639915255 
-5.34772263863781 
10.092901982065055 
0.3051652485060535 
6.418023044471605 
-1.8511988320006503 
8.11563525982832 
1.133030951146924 
-9.528120256810539 
8.213378995175683 
10.422760527383875 
2.5983152752895387 
-15.658412258737217 
-13.653610869182215 
-1.6770424007782034 
1.5127244968007127 
8.237119772982659 
8.232378846882195 
3.7394499378228305 
1.6821799985165808 
7.111867336927121 
2.885175038786688 
-5.892882314796271 
3.2982119750190684 
5.042551694560766 
-3.9498648994159877 
4.861042264522758 
4.972942868919082 
-0.2508140903882818 
1.049539717154977 
4.50433047642055 
0.003679201703665403 
3.003595816551102 
3.15203143202596 
5.650569851613661 
0.3685435633840971 
3.5223037633375163 
0.6069055074331382 
2.9398381559838183 
-1.870561998997222 
2.580827721364086 
1.7125292488676838 
0.546138559518054 
1.7118424568265023 
1.8016226874096568 
0.5181992987403146 
2.567690338354562 
1.2336050291217928 
2.5286935162887088 
0.8623644459117759 
0.3584104270460998 
0.1263562545189348 
1.816177361594028 
0.9829863994165009 
1.103591249073609 
-0.28747712484638627 
1.4172396590767073 
0.257627333895381 
1.373145469331572 
0.860943409351646 
1.2653943511180348 
0.2843912333749111 
1.2244592292261922 
0.32923228213586375 
0.7627931665918715 
0.06484539529054381 
0.9845786649886014 
0.143897397746673 
0.7459153076743493 
0.14225672111647641 
0.7864923591086129 
-0.07300776855992448 
0.6832792828808955 
0.047215938170348026 
0.37390545831805794 
0.05648525199923679 
0.3808816207946657 
0.24440119227341287 
0.41951024308777013 
0.13237327341876118 
0.28604534162792905 
0.1286509705748935 
0.21698109800374432 
-0.08445216945062574 
0.07749152779500382 
-0.030791925852235908 
