21811.2 
-12501.785019587076 
7966.543407418837 
5383.132886705074 
-11878.960800912928 
16921.55041560637 
-4055.813115605009 
4844.733211484466 
-659.7441116720654 
2623.261652939188 
-8059.252323175439 
-3823.505250935932 
1482.0922114127484 
-2239.2730304865113 
-1755.1878090225216 
2040.9752162087925 
1915.8412376837568 
-1265.153537134499 
609.37018961889 
-1040.9052149613972 
-1656.1739065994411 
3457.652957111536 
-1934.9347624208897 
112.92748835161916 
129.2185322241509 
1034.5726911034146 
1675.0098701056984 
-2319.71208442636 
1236.197590531425 
2234.3974466907557 
552.6514649317843 
1487.4161765301167 
-26.956685912790466 
-30.976287518361705 
-2493.1896063115437 
2140.313352714013 
-535.3694482511155 
-1083.9605333730099 
-2279.71058059152 
145.42949959970466 
2001.3903180902237 
2.1583916947277277 
872.3221507279812 
767.759878565045 
-994.0137573271309 
-673.1341571047958 
-379.48646955625134 
1984.0760132146481 
-747.6775162225421 
-1772.4662812102429 
-421.21021306570725 
306.06991508106864 
130.98503785362735 
116.31569668917555 
1711.2143709739703 
-1558.8616922349206 
-313.1608348759165 
-495.40192135184617 
-1028.3395121288204 
-685.3096386393299 
-226.35477532555683 
0.27243594489202577 
-665.3125703881658 
1102.6040782516916 
326.3542028898452 
-1019.4159732961369 
-1341.8166528346355 
431.6809374464487 
156.4482788149526 
1842.595632398014 
-421.94359620676704 
-163.45701166292628 
312.1470608953164 
-628.9011442613948 
-902.6250050875794 
906.1631651839531 
644.0934056585689 
-1109.3116534657713 
-622.0226265114261 
-764.3078031301441 
-1028.905054536199 
619.3584905869251 
-1021.7371863690164 
985.4525764377366 
1217.9494648604336 
-409.6869950392715 
898.2054970952987 
-106.3475135822279 
-726.5103770898302 
488.471817511918 
-1321.1360360694794 
-412.41010842572405 
-486.23070619851086 
1313.6293712102258 
927.2833607390866 
1381.1765198654841 
204.96155399257663 
1087.2657105227674 
-496.26124805492975 
88.67633727613423 
-26.647630321951045 
-457.47950839486293 
-695.5972320490714 
43.216336481578 
174.65676671609953 
-860.5980045114837 
-179.5817740763243 
90.53416112736473 
456.49030155137393 
-519.2272038849119 
1278.0039298263193 
65.52239472614727 
-619.7365074926101 
-274.15837573055455 
216.8025338296976 
-570.2670673406991 
-922.3326233910689 
-581.1773033066445 
1218.1740711131283 
-463.64975827672095 
-216.69532005819326 
-64.98270112862548 
-774.9945248299554 
77.7143814195489 
601.8498571025071 
-709.9802996111027 
-517.4806630585376 
290.8397726705257 
-60.79126103263284 
-717.4876413203826 
-1502.2982376591497 
-167.53598730725346 
50.748337823152106 
172.00812347893887 
-1122.669304900056 
-96.67908735152517 
-198.5695632102785 
-131.14444516130683 
1240.9366235599985 
-278.1975591354827 
-599.7907034621188 
-405.5110641265164 
-299.6108475275075 
307.4901602879779 
-115.54370665441866 
-646.7439653133138 
304.01425361401783 
514.8264457999303 
-460.5834072012789 
-217.5091536551101 
47.344877228329246 
-185.77558692535584 
53.603781125982664 
-845.6939406965187 
-659.136900617392 
443.19386888258697 
-117.68333284558778 
-517.8923381900237 
-475.20190892712037 
-150.31066314056267 
-323.5348178444651 
-646.7908299839469 
-244.26245492924716 
142.01857314974703 
-184.74433843609398 
548.2909231054086 
366.76288884387174 
206.85463231022848 
-1273.4381008284136 
-261.8379868773856 
231.76521105100352 
-771.9181957002994 
-318.2022355023779 
-140.4493702573453 
-485.49219913341335 
201.36156488904624 
554.6094105346353 
-654.1792355385938 
-492.29926628973845 
-173.42054300051439 
-1551.9289529059586 
59.003265378969225 
245.5288017916144 
69.6019602479014 
-326.8273415638371 
-26.063892591266168 
-130.88945951846983 
-373.68678283444564 
-316.44400923811975 
385.19758354828826 
482.77034562698583 
-458.72707121290114 
-333.4472934793141 
-440.72529196147866 
69.70790427153267 
542.5332056509778 
185.11338988847422 
263.5372692725271 
-307.2599837872032 
-211.94806881499125 
-294.8079779226545 
-891.4063197175653 
-356.151290626438 
-498.0062456552335 
57.517332031383475 
503.00079966063925 
95.12635840447889 
359.19040395532056 
-126.03548768506427 
-542.5143133146778 
536.4689106561042 
242.8643865531908 
-1033.1446353234912 
143.2488589990637 
352.416129020137 
-77.11983886270664 
230.39810507852235 
-587.4173610407432 
-130.21201525027385 
305.0106530515327 
46.36604782249855 
302.3442177883583 
944.6122078313193 
-148.3654763026345 
454.02276925282376 
719.2473512816027 
-56.68174281205113 
551.2984838579641 
14.696949059022527 
535.9459867393771 
414.8149803792701 
90.40507738947332 
-479.8343818049812 
-268.6437797900154 
412.3279769455062 
-186.01550279727897 
-941.1543202704522 
-194.4358085000066 
-436.62382613045014 
102.06858313550485 
-828.0723007132831 
-270.94382857821574 
67.23103685346393 
357.00948750879854 
-442.849747571693 
395.11054028022227 
652.1051379966678 
182.70418420472276 
235.18832595116754 
600.4626601686784 
537.3420619686214 
210.3715515276734 
4.433478656943827 
-35.93248611414698 
975.282791365599 
-1081.9010859529726 
471.3415742956683 
-347.65820884842964 
-550.0620637255233 
-352.63559627218484 
-185.97963519740367 
-715.7636770997592 
517.7064882283458 
-30.757790365281394 
1424.1154313950876 
17.405564960599527 
-504.6495828850777 
-577.3474744910427 
-5.355040860883283 
-264.45367847535283 
-813.3452084458673 
-274.0004097259581 
-1121.0269667373227 
378.8072281523903 
178.6376855352452 
225.85392575161654 
1102.0305150020436 
-554.4025002912497 
-93.19991608288905 
678.2537552198849 
260.42931371963937 
-546.5008876914899 
-130.64515107012343 
-285.02659597658567 
-199.475445338059 
265.7942815417321 
371.3749896854892 
-403.96754552928843 
319.0657474078656 
48.191937035725395 
-1199.0399417885128 
-631.1944960388724 
-996.6913336420092 
498.8331553074505 
158.7364235291654 
-755.1450221841662 
-307.4389688648004 
274.5116398917255 
6.744598614163161 
79.7704837578642 
251.6002054638312 
-544.9533755751083 
392.539647667266 
508.2792385629893 
323.8487878666873 
-206.41978436935426 
466.93391610175496 
-386.48964337630963 
-402.15183668883265 
-579.8234168509526 
-374.1116927563626 
736.4033065510397 
243.0945134606377 
-340.9731776070334 
-20.62626832591524 
466.04746008865 
-240.51773602322282 
-245.77177041702453 
43.18094840897586 
-134.40719583887144 
-10.360112748686607 
-277.2150035335122 
396.01676112037416 
-785.6026690306969 
393.28407265921425 
374.2785868121184 
833.2307736898154 
-389.00482676476156 
85.31454260629718 
-1188.9567187114712 
-417.6558663650726 
955.8995507621732 
-433.0579482632903 
-638.7264346954498 
574.6579982603826 
483.8195589673411 
-548.6880751780361 
-560.9119869074431 
-603.6337163923897 
-115.18254902894643 
38.43585105505127 
-192.3027811029825 
786.7928283558631 
84.61244191117682 
640.2945077935834 
330.04332731792823 
-133.77621753870105 
-183.37979800894067 
-228.04118092763747 
23.738007884328752 
347.7863202300609 
616.0483427607949 
-313.10582142777685 
587.3440286917951 
365.067947443973 
-451.40559835550556 
-99.07835138620082 
-15.289544403944301 
116.33675301366527 
20.74076434401949 
-215.68530625790834 
131.12615942110708 
-575.212174074895 
-308.99735401174837 
261.85579486549994 
319.20208218885176 
88.68128630064365 
386.1565828426509 
28.27572467272021 
138.58996024048776 
268.63665375401627 
143.7553499746159 
-48.09008288591796 
119.07166566643602 
164.21282153606313 
82.66140918987199 
54.58725336110669 
198.16885446321226 
11.465333732373978 
56.63708584420594 
-1.6049108006633235 
20.9172731279541 
45.18870676879888 
-18.011347252879503 
-56.62987237818183 
13.074420863954064 
-57.97781699742818 
31.956332290655308 
29.007975839815273 
200.84384445052967 
14.0331752693488 
66.37225818661055 
56.01115524645076 
35.54891606261248 
-46.35986120492044 
18.752334210402317 
10.900938667458416 
73.31716719796498 
29.636890033233865 
-14.000918324062676 
-10.873900966300344 
64.0928566650141 
5.286301048405068 
3.927097431025756 
13.129419401578904 
37.60465518418707 
8.162472231649762 
63.76190956877883 
12.959862821984972 
34.2052727126201 
11.450703334056811 
48.050715821366126 
6.957072366433967 
32.92389468754129 
7.454384876456682 
36.06935495535928 
13.346707914478461 
36.56611535330793 
14.256421444459992 
42.73431878086831 
16.23239997245956 
38.34656386760678 
11.739642576106206 
36.05611936818367 
5.5617390490277 
36.15904859233617 
12.670189582382838 
34.34962447682392 
10.660589715905871 
33.78642433991992 
9.694029177232009 
32.86315075200372 
9.410962639972576 
31.867021519687924 
9.329887236339419 
32.34122518341495 
9.810256413439227 
29.830561394610452 
9.028504221990943 
30.831017119514023 
9.367302349512292 
29.580854829239534 
8.62663119389377 
29.20207736533651 
8.859251242367222 
28.843107927180316 
8.759565648753405 
28.153881780810632 
8.376394511285435 
28.00004970191614 
8.479332401474062 
27.694264435332983 
8.252749380636256 
26.91346470375776 
8.164919108775955 
26.69544348332188 
7.929618100933884 
26.384766379021485 
7.971475646357218 
25.754447971315834 
8.05128279516275 
25.58271558600392 
7.8849660110310795 
25.219505240899743 
7.413182132232961 
24.82441483597806 
7.523737100689473 
24.516121134970582 
7.7134380481329 
24.08309106149548 
7.3578603301722865 
23.896059243824972 
7.367758089589415 
23.56656244884836 
7.091665137104965 
23.344205521295486 
6.872343913412532 
23.13132516723215 
7.0305659934537665 
22.76572655837026 
7.285439778441682 
22.395241318300812 
6.911256602179566 
22.337289214624253 
7.033405598495441 
21.900612683461958 
6.539366846387451 
21.76170296245585 
6.669638083825991 
21.50554415513392 
6.655491967294493 
21.269688964447923 
6.599101367594905 
21.326988435033208 
6.607918657153153 
20.785519048406734 
6.1321465022293316 
20.717357010505104 
6.352299306447299 
20.2676436268887 
6.561950929410338 
20.267560942501603 
6.353561752771405 
20.130232982755714 
6.08695243452877 
20.092964336927025 
6.1668287314669 
19.81470343369459 
6.283315980138061 
19.574939566460287 
5.919022800698315 
19.421610569212525 
6.08395941803862 
19.478239056966324 
5.998774702252939 
19.385621097016504 
6.014667665513804 
19.18891451584426 
5.7896880905658055 
18.90612790748581 
5.956858188366482 
19.145151460445145 
5.082028480406246 
19.634740992276996 
6.083873035970038 
18.71509297191652 
5.346471672385441 
17.73273654764801 
5.486315965766561 
19.60144270491989 
7.553255667550234 
19.030218313477512 
5.470371544223405 
18.42080271862205 
9.100653507401226 
17.133548088292095 
7.491611142057994 
17.97814887538247 
7.471617245198482 
20.17654869798111 
5.601706505129632 
13.492408927784492 
3.1048442266042007 
15.818850523127129 
7.882807565106787 
19.554678944886078 
6.684554050904872 
16.602777201820178 
7.277278858975622 
21.93147596301285 
-11.699352601303934 
6.602969880033392 
15.276211227939914 
22.3202016796522 
9.082671011533279 
28.44339784635375 
1.3973834411676784 
-1.6408569124758434 
19.267071126198744 
28.09714166998822 
-7.493808529430325 
42.29201577645496 
7.260804673600131 
37.372137921437165 
-0.19731759489430295 
25.462376790474984 
-26.700577936274204 
46.163695260710284 
-31.15506108945754 
-3.5429677430464874 
-0.5625520873109127 
37.04170109936515 
9.422477128747481 
77.17245136554615 
-2.2573577995291743 
-2.6208981459580913 
21.735901920574932 
19.04294470825026 
-66.15925503468264 
-80.73279927151677 
-33.933187706257 
115.27104015810305 
19.025173481381053 
3.451493193226155 
93.78692190413808 
1.923354595369092 
-78.87257117428571 
-33.352884959350654 
-4.265151893986486 
-3.010934383543354 
-7.980194118294198 
66.71382623025566 
91.41211882023302 
-83.74675086703297 
-10.096231018267495 
-17.639056366859265 
24.029168053556095 
-32.28403987336949 
138.01201587141674 
148.29861603946392 
-64.17471584008368 
17.86309951060742 
-33.777354198442964 
-134.20911118588322 
-111.22397606330382 
-166.50687691496614 
75.07323827990169 
-41.04200253437202 
-32.227959242756526 
157.65085169954932 
-47.99822461915669 
189.81072582675046 
-41.59347517162769 
-58.49901953464844 
-128.17422612194423 
-40.96793421471553 
252.37016971454392 
-188.39694231038308 
-22.384069021933545 
103.27840741691719 
12.689277981242288 
-147.73233576163628 
-30.18733076442542 
31.656924391607863 
192.08238458074666 
11.06282696119802 
-73.997606376166 
36.33309211131118 
19.309976403704084 
131.4116235047776 
115.0679026935016 
199.36635672022197 
98.09134870115994 
-168.89740760169366 
-53.53096545583843 
83.06964116325224 
-94.58190202601463 
11.962076896427495 
132.85442543964786 
123.80269435607364 
-34.823252515076604 
-56.968276567602565 
-147.97939030373192 
-197.14682928186937 
-101.68543441575618 
-226.92390994309162 
-46.42668935773303 
36.3890433539471 
115.67943535321345 
79.81700223041389 
79.0685082708649 
50.32028456052829 
-115.43807949759497 
-97.61046565354508 
17.958594762400406 
-70.13953123007555 
28.969496975764777 
209.97294193297944 
18.551896206119302 
-50.9162982023708 
-78.44781912932835 
-11.363334040928795 
-17.19984406228907 
-37.983585255866046 
-8.296576317885423 
157.89560895375757 
-58.18576248665916 
-175.1937033483132 
79.08895441127498 
76.83916089433012 
-1.735279458716811 
41.229855747539226 
212.3727744870731 
-94.47483278065631 
36.277755859819216 
38.187475707647316 
-19.974173562812076 
65.57260734064238 
100.21433548412497 
-83.72188189537393 
13.231428096829339 
-94.8664208361543 
-181.01203106364125 
82.54654934282448 
-44.56063519252014 
65.00821818438013 
-76.82341297242466 
33.79667266480418 
111.53473425080445 
-28.520452771183223 
-39.01604121386346 
-50.212325259994294 
-52.64957593999965 
98.77554058777326 
40.197169664678086 
32.52123058886658 
147.09930934911998 
-103.53434546539573 
-35.49221026049186 
67.97578337634833 
-73.77878014335322 
116.67947216047071 
12.14802067567349 
45.87643900701809 
39.16648263580555 
48.505261930270805 
145.46691654299977 
-11.128161776298114 
-5.338437863367815 
29.11485347220213 
-18.98469684390522 
39.003208989981125 
45.742971422559464 
67.7701833318549 
93.25106005546735 
-29.689638674530944 
24.06874572039294 
-69.4188752703275 
85.5137937155596 
3.7537571460083963 
-12.883360296720696 
2.996206966010601 
20.63956111620104 
40.304785192265406 
-39.08325875369947 
-29.073133660138655 
-1.210078969469494 
-27.27490053867396 
-11.18039940361239 
-26.529277877348743 
31.945523820690454 
9.921681378953163 
6.88343645900501 
-104.28721944722358 
-13.563271139762708 
-17.70263003196266 
11.425085387674352 
-74.95595017867493 
22.917785282314796 
9.489030516993004 
-49.65888525386667 
-106.97248868815124 
88.90134846700796 
1.927262158611463 
-128.42074403276325 
20.22275512489351 
-39.28055073882476 
37.542139664082825 
1.6880898824066497 
-22.88276712039923 
-0.3118321832828159 
-5.117351411519184 
24.014847351384347 
47.02886725762734 
-29.731961252910764 
23.86749952284684 
-0.2785139952968353 
34.25685574953945 
29.91868215730844 
26.003786762546422 
-11.963744836193811 
8.384026203586895 
-6.793381204803703 
-28.480604197696255 
-12.715007899806903 
43.94752574718517 
-45.59736109219252 
16.03228943743143 
6.8312179473241255 
26.065784157923165 
26.96001081994315 
2.486554144674009 
-21.52526628986108 
-4.489743329471812 
18.57652252301451 
-14.301725808796483 
0.13839823015672 
44.15789697426708 
-30.246396218992803 
-15.119303334591125 
7.519414846171488 
14.455766778436605 
15.387638645643548 
-33.756255725042955 
58.77728493641723 
4.402411386914882 
21.37918425566698 
-18.99916994164211 
3.7659225749632146 
29.172121535427767 
11.743235122550363 
-20.952349857519323 
36.669525887656185 
-24.313806761682407 
-33.09767444647638 
-25.30001186830329 
21.376027102950722 
-95.1747570776858 
52.84737126348267 
64.13919629204501 
12.126099033700175 
-38.62265805498781 
-22.072550653637446 
-5.385735549267759 
12.273725648781097 
21.198397851051087 
29.949714721976314 
3.020356370547186 
-21.40792809255169 
22.512385645913067 
6.8506450382540205 
21.35002437577114 
-1.3202558829979192 
0.41913793980678826 
10.849671628409343 
27.406817852488857 
-17.021927360333514 
7.7854286861016 
-10.414771686315028 
23.893822923260473 
15.144336794708552 
2.4566189368285425 
-5.320449167162643 
18.142042169502073 
15.717314127332912 
-3.7675798496704624 
5.586611455536406 
3.807482564700838 
-1.0502668927758254 
9.622681056663838 
-16.28740821683347 
11.703250269540767 
11.325163380998948 
-7.309406160004662 
11.957538898979145 
5.7275061786850205 
-2.9552276460070446 
1.0664498040669885 
11.651555582419146 
-10.240237484011628 
13.695544365222764 
0.9827086867432663 
10.734813513877413 
-9.228969013770477 
-15.021008863711634 
-1.5982034733309278 
12.454803400964341 
17.100270048781002 
-2.935786259831066 
12.593923116453148 
9.505636410755613 
-10.522385452139797 
-21.738478149791 
-12.235701086471824 
-11.902552842392076 
-11.177707537038275 
-0.03186794317919509 
0.8148836324155162 
-0.10300111671183255 
7.136965400221161 
7.161962272657483 
7.687676524479406 
9.80679765094128 
6.112267736408842 
7.201263663107976 
-7.050355104678564 
6.976243988300753 
8.848485086709458 
1.6029770732912691 
1.9583156114820293 
13.185514017828472 
-5.305984754137433 
-9.729736968644545 
-5.813281658619164 
13.199848936191662 
2.9811834060284563 
-0.9089336765540805 
5.999382104758743 
-5.134735883127692 
-1.0638557245338538 
1.712539576889347 
12.096787755400008 
1.2991953375730536 
3.2119259813504986 
0.7814251136162984 
-3.196054664391402 
1.9053556960153937 
5.693370689545616 
3.8483970115381547 
-0.7667681729794767 
2.096049911821 
2.81417264875546 
2.2896968891426352 
-1.9694657799975155 
9.501419491814008 
4.202824165345273 
2.6239999758551624 
3.6058094489662156 
1.4648365225618105 
3.5263904319958415 
-0.33883527174597466 
2.212716616865837 
5.440030618355105 
-2.2787366463581087 
3.0881237291670716 
2.0486457572254086 
-2.605435330832769 
0.3153710195629966 
1.9062144487627002 
1.7754832849477693 
4.277756974394842 
0.46875906267340317 
-1.0931224249981775 
-0.09621938474245673 
5.448205518820404 
0.7933470983585442 
0.42341332307286916 
-0.11908534972317902 
4.798604667482786 
-1.1198639190115918 
1.4776032315868468 
3.3575218488780116 
2.22818528031675 
0.4990437143275818 
2.3432287661829547 
1.9346552939219919 
2.0707255336395956 
0.08668374623645533 
-0.7564915156020533 
0.043451814541784435 
2.133390774899308 
-0.11531702987649621 
0.4598385572342667 
3.252095335598725 
0.903192400691298 
0.5366415360141646 
0.9385195759848847 
0.5191894907847321 
0.17694025012977938 
-0.01646319018883141 
1.2656023505472407 
1.4538568747132667 
0.051700152459964184 
0.6249148463275258 
1.6274733834072175 
0.504694243062648 
1.7584646382136266 
0.6787947567933695 
1.3760408249474914 
0.3572909659979971 
0.4664945776296292 
1.3666614111127435 
0.5267816321401424 
0.5011100269140754 
1.2093030220947092 
0.3850407942036452 
0.3482742006234323 
0.13583338197343275 
0.8656143342101053 
0.3399717701094186 
0.44075883104229346 
0.9160924842921849 
0.3707481354270437 
0.24731926552721373 
0.708352318681277 
0.19917052959849382 
0.6211910623164973 
0.307980105537972 
0.7051156133046216 
0.24316792314286492 
0.14051429909666624 
0.3899669924622712 
0.3332060117018716 
0.47042191689642754 
0.3249649826115101 
0.09258906412873874 
0.1331423671033067 
0.3340442526714122 
0.20057139772746393 
0.1437588841464045 
0.3181070319590181 
0.21421138862764424 
0.4614727358590361 
0.32790820986290425 
0.32559052841809055 
0.20483800551880688 
0.2727923648296361 
0.22378535042636466 
0.1697126911739978 
0.27256207970860996 
0.01266840611923473 
0.4085637054451851 
0.10793299165686153 
-0.006083021155459096 
-0.07984966899569444 
0.11916866019140694 
-0.016595673162718046 
-0.004377150389482502 
0.02520634150940913 
-0.027349812205927047 
